0.6953240999999935
0.720081499999992
0.7450906999999916
0.771812700000055
0.7978434000000334
0.8414863000000423
0.8790566000000126
0.9153645999999753
0.9605503000000226
1.0331094000000576
1.0867500000000518
1.124349499999994
1.1702070999999705
1.239644500000054
1.3017044000000624
1.360576100000003
1.421662000000083
1.4968631000000414
1.5722802000000229
1.643501399999991
1.719138799999996
1.7927607000000307
1.8588584999999966
1.9202874999999722
1.9805760000000419
2.0592933000000357
2.1315885999999864
2.198128800000063
2.272980299999972
2.3317471999999952
2.386916900000074
2.446048399999995
2.5105067000000645
2.6082631000000447
2.8325250000000324
2.917123400000037
3.0634538000000475
3.158460600000012
3.2413199000000077
3.3291636000000153
3.420189700000037
3.500757500000077
3.56859750000001
3.6380894000000126
3.721215900000061
3.8063501000000315
3.875810900000033
3.967301500000076
4.080625800000007
4.174195700000041
4.280366800000024
4.367831200000069
4.448611000000028
4.54285230000005
4.667127600000072
4.7620948
4.860031400000025
5.003502200000071
5.108587700000044
5.20622000000003
5.3208647000000155
5.428958299999977
5.541918600000031
5.6778924999999845
5.769638999999984
5.88895100000002
6.012997000000041
6.110781999999972
6.236746499999981
6.424590700000067
6.514295700000048
6.6598450000000184
6.795195000000035
6.907574199999999
7.056976500000019
7.224012300000027
7.340425400000072
7.468962499999975
7.610335100000043
7.7323460999999725
7.8461522999999715
7.956947700000001
8.118917399999987
8.273009399999978
8.426451600000064
8.634387400000037
8.795617600000014
8.953468600000065
9.147369799999979
9.408213799999999
9.658621900000071
9.808474499999988
9.946656100000041
10.108754500000032
10.270636000000081
10.430462600000055
10.585129000000052
10.728640799999994
10.892805000000067
11.072380700000053
