1.5777125000001888
2.2655802000001586
2.8204537000001437
3.587314600000127
4.193845300000021
5.01959550000015
5.7501614000000245
6.336573400000134
6.919682899999998
7.53779580000014
8.12753070000008
8.900605600000063
9.609897700000147
10.297504200000049
10.919608400000016
11.51646790000018
12.328637700000172
13.092413100000158
13.671740500000169
14.264038100000107
14.875841900000069
15.5510898
16.14342660000011
16.719252100000176
17.42467499999998
18.027589400000124
18.621748900000057
19.233077300000105
19.850158500000134
20.42448300000001
21.12934919999998
21.760152400000152
22.397881000000098
22.96063580000009
23.55630210000004
24.187289100000044
24.75872490000006
25.349497500000098
25.956181300000026
26.579884900000025
27.163896799999975
27.739601400000083
28.42778650000014
29.025827400000026
29.69048540000017
30.26814430000013
30.87765400000012
31.45891740000002
32.29507810000018
32.91144210000016
33.48829730000011
34.05708530000015
34.66153610000015
35.234001000000035
35.84541869999998
36.55980540000019
37.13496410000016
37.71292070000004
38.42157620000012
39.01366830000006
39.573920600000065
40.19091660000004
40.81308390000004
41.39376379999999
42.040994700000056
42.707044500000165
43.486016500000005
44.12594360000003
44.734745200000134
45.300171800000044
45.861952700000074
46.5264873000001
47.1343468
47.71884010000008
48.28398010000001
48.948969900000066
49.5393074000001
50.110215800000105
50.709448300000076
51.27259590000017
51.85022220000019
52.51616009999998
53.19204510000009
53.79452900000001
54.38973550000014
55.02554750000013
55.61898790000009
56.261907700000165
56.96525450000013
57.58080840000002
58.18650840000009
58.81607830000007
59.56054540000014
60.20820220000019
60.859467600000016
61.50995520000015
62.232779500000106
62.825289999999995
63.418901100000085
64.11533860000009
