1.487211900000034
2.466764600000033
3.290746399999989
4.1280239000000165
4.971741600000087
5.8284854000000905
6.740215000000035
7.57182540000008
8.424185700000066
9.276052600000071
10.108975999999984
11.02303870000003
11.84772350000003
12.69271260000005
13.563683900000001
14.503497799999991
15.389741600000093
16.287037199999986
17.18340550000005
18.050531200000023
18.956836100000032
19.872470300000032
20.738016700000003
21.604708200000005
22.501547500000015
23.37725069999999
24.27631030000009
25.193843000000015
26.10025660000008
26.964592500000094
27.852487600000018
28.727567600000043
29.62690090000001
30.575927000000092
31.45638120000001
32.340131799999995
33.197530200000074
34.22289880000005
35.156851000000074
36.148781700000086
37.17198140000005
38.1086219
38.988561100000084
39.98304840000003
40.97549830000003
41.8781219
42.900254500000074
43.82903620000002
44.969081000000074
45.93167750000009
46.914338499999985
47.980415900000025
48.876621
49.736165800000094
50.70227580000005
51.77939570000001
52.73341240000002
53.82487620000006
54.87349270000004
55.88123600000006
57.00798789999999
57.97843320000004
59.045370700000035
60.03818960000001
61.02070480000009
62.05615040000009
62.99318220000009
63.936748100000045
64.9577352
65.94459490000008
66.8898484
67.82892170000002
68.87614970000004
69.85547240000005
70.80677350000008
71.77605730000005
72.8236038
73.77466370000002
74.76302840000005
75.72590930000001
76.6778961
77.63992630000007
78.64561120000008
79.72229120000009
80.71995570000001
81.85095160000003
82.91654090000009
83.96359170000005
85.02711170000009
86.02030109999998
87.12051960000008
88.28767730000004
89.41187300000001
90.46998719999999
91.53640670000004
92.63426190000007
93.73066080000001
94.71648479999999
95.766613
96.83712560000004
